-2.4862e-05
-0.00014378
2.7366e-05
8.0892e-05
0.00044025
0.0012749
0.0025663
0.0045333
0.0072716
0.011285
0.016876
0.02364
0.032189
0.042407
0.054163
0.067454
0.081982
0.097385
0.11345
0.12976
0.14595
0.16167
0.17632
0.18974
0.20184
0.21234
0.22125
0.22858
0.23425
0.23847
0.24115
0.24263
0.2428
0.24174
0.2396
0.236
0.2314
0.22573
0.21884
0.21109
0.2022
0.19243
0.18182
0.17052
0.15869
0.14627
0.1334
0.12009
0.10639
0.092388
0.078202
0.063735
0.049448
0.034998
0.021036
0.0076471
-0.0047705
-0.016044
-0.025759
-0.033561
-0.039275
-0.043388
-0.045265
-0.045426
-0.044034
-0.041177
-0.037371
-0.0331
-0.028483
-0.024085
-0.019667
-0.015731
-0.012261
-0.00908
-0.0059131
-0.002878
0.00020863
0.0032948
0.0065263
0.009894
0.013076
0.016295
0.019006
0.021048
0.022521
0.022837
0.022586
0.021596
0.019871
0.017989
0.015724
0.013565
0.011725
0.010384
0.0099295
0.009957
0.010639
0.011873
0.013344
0.015073
0.01662
0.017974
0.018997
0.019584
0.019682
0.019513
0.019074
0.018229
0.017213
0.016122
0.015028
0.013401
0.011367
0.0091068
0.0062234
0.0028777
-0.0012281
-0.0058319
-0.011049
-0.016552
-0.022064
-0.027255
-0.03176
-0.035248
-0.03755
-0.038632
-0.038447
-0.036835
-0.03395
-0.029961
-0.025449
-0.02041
-0.015332
-0.010604
-0.0061128
-0.002284
0.0011065
0.0037664
0.0058928
0.0076043
0.0087479
0.0094626
0.009889
0.0097661
0.0092976
0.0079574
0.0058508
0.0027604
-0.0014259
-0.0067996
-0.013251
-0.020403
-0.028398
-0.036789
-0.045548
-0.054064
-0.062261
-0.069921
-0.076651
-0.082396
-0.087376
-0.091656
-0.095166
-0.098092
-0.1005
-0.10219
-0.10337
-0.10395
-0.10417
-0.10357
-0.102
-0.09906
-0.095192
-0.090256
-0.084448
-0.077811
-0.070621
-0.063179
-0.055985
-0.049362
-0.043693
-0.039225
-0.036012
-0.034293
-0.033798
-0.034444
-0.035872
-0.038223
-0.04069
-0.043203
-0.0456
-0.047647
-0.049267
-0.050553
-0.05129
-0.051669
-0.051688
-0.05127
-0.050399
-0.049277
-0.047382
-0.044748
-0.041467
-0.037196
-0.031994
-0.025701
-0.018543
-0.010649
-0.0021898
0.0063751
0.01478
0.022604
0.029805
0.035909
0.041161
0.045279
0.048159
0.049932
0.050763
0.051093
0.051006
0.050184
0.048944
0.047431
0.045634
0.04323
0.04021
0.036449
0.032029
0.026821
0.021142
0.014979
0.0086726
0.0023069
-0.003741
-0.0091703
-0.013795
-0.017553
-0.020517
-0.022805
-0.024393
