-2.46148556470871e-05
-9.392388164997101e-05
0.000113021582365036
0.0001222416758537292
0.0002939831465482712
0.000641360878944397
0.001093937084078789
0.001700768247246742
0.002498224377632141
0.003864699974656105
0.006030883640050888
0.008737493306398392
0.01262521371245384
0.01772349327802658
0.02436624094843864
0.03282845206558704
0.04343197867274284
0.05626136809587479
0.07182227820158005
0.09029348939657211
0.1118587646633387
0.1367299742996693
0.1647447887808084
0.1959708966314793
0.2305069118738174
0.2680955920368433
0.3085320703685284
0.3515402488410473
0.3967491760849953
0.44378343783319
0.4919274505227804
0.540978230535984
0.5902069099247456
0.6390453390777111
0.686886377632618
0.7328237816691399
0.776695778593421
0.8177788965404034
0.8554224744439125
0.8894417658448219
0.9191746022552252
0.9443338643759489
0.9646065104752779
0.9800728242844343
0.9904627185314894
0.9957724269479513
0.9962293636053801
0.9917143136262894
0.9826288968324661
0.9691482950001955
0.9518535826355219
0.9307880289852619
0.9061970021575689
0.8787581194192171
0.8482123557478189
0.8153140246868134
0.7803015504032373
0.7433357536792755
0.7047294341027737
0.6645619682967663
0.6229039169847965
0.580042514950037
0.5359573140740395
0.4907246455550194
0.4444431643933058
0.3973171003162861
0.3492583688348532
0.3003317322582006
0.2505709882825613
0.1998054552823305
0.1485053710639477
0.09649034962058067
0.04408792406320572
-0.008858548477292061
-0.06188838742673397
-0.114748876541853
-0.1675822418183088
-0.2201998252421618
-0.2721707448363304
-0.3232006579637527
-0.3732870519161224
-0.421960923820734
-0.469224002212286
-0.5148991290479898
-0.5585781149566174
-0.6002859361469746
-0.639500180259347
-0.6761733833700418
-0.7102270964533091
-0.7413193173706532
-0.769221194088459
-0.794123750180006
-0.8153705205768347
-0.8331024330109358
-0.8469428531825542
-0.8570247199386358
-0.8630051352083683
-0.8648794777691364
-0.8627749513834715
-0.8565194439142942
-0.8463251441717148
-0.8321614135056734
-0.8143799491226673
-0.792862182483077
-0.767881216481328
-0.7398084476590157
-0.7087726574391127
-0.6751744747161865
-0.6390426773577929
-0.600560799241066
-0.5601479019969702
-0.5181236695498228
-0.4745882358402014
-0.4293630849570036
-0.3829315565526485
-0.3350518587976694
-0.2863172478973866
-0.2361488621681929
-0.1853850912302732
-0.133291732519865
-0.08078626170754433
-0.02738059125840664
0.02670910581946373
0.08137766271829605
0.1362732015550137
0.1913411170244217
0.2461536731570959
0.3008590266108513
0.3549526799470186
0.4082962907850742
0.4602642301470041
0.5108916610479355
0.5595963764935732
0.6061240509152412
0.6498859003186226
0.6908736489713192
0.728838823735714
0.7629754431545734
0.7933755740523338
0.8197867404669523
0.8418633230030537
0.8596306163817644
0.8728433158248663
0.8814538680016994
0.8854355663061142
0.8847360275685787
0.8794851992279291
0.8695771098136902
0.8554860260337591
0.8368175327777863
0.8140773456543684
0.7873015273362398
0.7567830737680197
0.7224922422319651
0.6848415974527597
0.6438604705035686
0.600021293386817
0.5534352585673332
0.5047025699168444
0.4537845402956009
0.4009667932987213
0.346859710291028
0.2915996666997671
0.23524035140872
0.1785035468637943
0.1215845514088869
0.06488827057182789
0.008190680295228958
-0.04797784797847271
-0.103460855782032
-0.1578626502305269
-0.2109555453062057
-0.2629523649811745
-0.3137815557420254
-0.3631348311901093
-0.4108912814408541
-0.4569086655974388
-0.5014597419649363
-0.5441991426050663
-0.5854029767215252
-0.6246502306312323
-0.6623528208583593
-0.6981943920254707
-0.7320725284516811
-0.7638877704739571
-0.7935981135815382
-0.8209448885172606
-0.8458138387650251
-0.8677876722067595
-0.8868004251271486
-0.9024706836789846
-0.9146078303456306
-0.9228749945759773
-0.9273087363690138
-0.9274307265877724
-0.9232613109052181
-0.9147022273391485
-0.9014514833688736
-0.8837775178253651
-0.86161083355546
-0.8350024912506342
-0.8041893914341927
-0.7693029157817364
-0.7305794339627028
-0.6881595142185688
-0.6424948237836361
-0.5937297753989697
-0.5420554988086224
-0.4881411679089069
-0.4321191534399986
-0.3743662443011999
-0.3153533954173326
-0.2552993874996901
-0.1942780520766973
-0.1329955365508795
-0.07161371596157551
-0.01065524853765965
0.0497120339423418
0.1092407312244177
0.167738726362586
0.2248591706156731
0.2801359128206968
0.3335575312376022
0.3851424232125282
0.4345524851232767
0.4814607072621584
0.5259830262511969
0.5677377954125404
0.6069739535450935
0.6434003915637732
0.677171504124999
0.7080979123711586
0.73628805950284
0.7614674642682076
0.7838378846645355
0.8031579907983541
0.8193041104823351
0.8325892016291618
0.8424266781657934
0.8487781155854464
0.8517234232276678
