-2.4862e-05
-0.00010492
9.6462e-05
0.00011443
0.00030571
0.00076572
0.0014004
0.0023612
0.0036992
0.0059129
0.0093567
0.013755
0.01994
0.028113
0.038563
0.051791
0.068075
0.087667
0.11096
0.13812
0.16927
0.20438
0.24306
0.28512
0.33024
0.37771
0.42687
0.47689
0.52673
0.57545
0.62178
0.66483
0.70329
0.73603
0.76212
0.78018
0.78977
0.79015
0.78056
0.76104
0.73111
0.69107
0.64121
0.58219
0.51484
0.44002
0.35901
0.27306
0.18368
0.092427
0.00098584
-0.089207
-0.17629
-0.25927
-0.33628
-0.40619
-0.46774
-0.52005
-0.56219
-0.5934
-0.61325
-0.62209
-0.61924
-0.60526
-0.58046
-0.54519
-0.50034
-0.44694
-0.38579
-0.31835
-0.24541
-0.16867
-0.089477
-0.00908
0.071303
0.15006
0.22595
0.29756
0.36384
0.42373
0.47604
0.5203
0.55543
0.58088
0.5965
0.60154
0.59656
0.58143
0.5563
0.522
0.47869
0.4274
0.36904
0.30465
0.23567
0.1629
0.087855
0.011873
-0.063872
-0.13787
-0.20912
-0.27629
-0.33831
-0.39425
-0.44329
-0.4845
-0.51735
-0.54161
-0.55676
-0.56258
-0.55895
-0.54643
-0.52506
-0.4949
-0.45674
-0.41096
-0.35854
-0.3001
-0.23679
-0.16949
-0.09928
-0.027255
0.045456
0.11769
0.18819
0.25563
0.31886
0.377
0.42902
0.47405
0.51098
0.53942
0.55864
0.5681
0.56786
0.55755
0.53753
0.50778
0.46886
0.42144
0.36606
0.30373
0.23563
0.16271
0.086514
0.0079574
-0.071366
-0.15018
-0.22716
-0.30106
-0.37056
-0.43424
-0.49137
-0.5408
-0.58197
-0.6139
-0.63624
-0.64863
-0.65063
-0.64223
-0.6238
-0.59567
-0.55813
-0.51193
-0.45782
-0.39646
-0.32911
-0.25689
-0.18139
-0.10357
-0.02478
0.053882
0.13055
0.20401
0.27286
0.33603
0.39235
0.44083
0.48044
0.51047
0.53028
0.53948
0.53796
0.52554
0.50263
0.46957
0.4271
0.37561
0.31662
0.25106
0.18014
0.1053
0.02795
-0.050553
-0.12851
-0.20461
-0.27743
-0.34553
-0.40771
-0.46311
-0.51035
-0.54876
-0.57789
-0.59703
-0.60597
-0.60441
-0.59252
-0.57048
-0.53862
-0.49763
-0.44819
-0.39123
-0.32751
-0.25835
-0.18458
-0.10766
-0.029058
0.049932
0.12798
0.20404
0.27674
0.34445
0.40626
0.46127
0.5086
0.54724
0.57664
0.59628
0.60601
0.60553
0.59512
0.57481
0.5451
0.50632
0.45923
0.40467
0.34352
0.27671
0.20522
0.13014
0.052824
