-2.46148556470871e-05
-0.0001423433423042297
2.503953874111176e-05
6.913580000400543e-05
0.0004414040595293045
0.00125494971871376
0.002557797357439995
0.004511792212724686
0.007264131680130959
0.01128391176462173
0.01683474890887737
0.02363010123372078
0.03220715187489986
0.0423791017383337
0.05416792631149292
0.06743162125349045
0.08199451118707657
0.09736021980643272
0.1134289931505919
0.1297550164163113
0.1459279414266348
0.161644347012043
0.1763264909386635
0.1897474471479654
0.201850388199091
0.2123853582888842
0.2212940212339163
0.2285879552364349
0.2342933602631092
0.2385395113378763
0.2411822620779276
0.2426316011697054
0.242797052487731
0.241768442094326
0.2395912520587444
0.235984593629837
0.2314074207097292
0.2257167976349592
0.2188208568841219
0.2110522482544184
0.2022277396172285
0.1924667060375214
0.1818017344921827
0.1705846171826124
0.15871587023139
0.1462743151932955
0.1334833838045597
0.1201236620545387
0.1064299419522285
0.09235037304461002
0.0782198291271925
0.06382766552269459
0.04940574802458286
0.03511859104037285
0.0211021788418293
0.007710859179496765
-0.004674589261412621
-0.01595683582127094
-0.02562817186117172
-0.03342820703983307
-0.0393916480243206
-0.04340228065848351
-0.04536687768995762
-0.04554794728755951
-0.04414362087845802
-0.0413092840462923
-0.03740823082625866
-0.03302515670657158
-0.02838791348040104
-0.02388190291821957
-0.01943156495690346
-0.01566320471465588
-0.01214070245623589
-0.008983215317130089
-0.005909061059355736
-0.002844538539648056
0.0001056287437677383
0.003238681703805923
0.006417527794837952
0.009785959497094154
0.01300966925919056
0.01617395132780075
0.01899384334683418
0.02100508660078049
0.02250037528574467
0.02303588949143887
0.0226731114089489
0.02169525250792503
0.0200097244232893
0.01797536201775074
0.01575785130262375
0.01348313502967358
0.01162209175527096
0.01029825024306774
0.009732376784086227
0.009820302948355675
0.01051388867199421
0.01187789998948574
0.01334431022405624
0.01514877378940582
0.01669909618794918
0.0180811733007431
0.01908361166715622
0.01968967728316784
0.01981968060135841
0.01960768736898899
0.0191072653979063
0.0182361975312233
0.01714666560292244
0.01603990234434605
0.0148244071751833
0.01332226768136024
0.01127227209508419
0.009136887267231941
0.006330646574497223
0.003001324832439423
-0.001258417963981628
-0.005746612325310707
-0.01098203845322132
-0.01631987281143665
-0.02196214348077774
-0.02713840454816818
-0.0317526999861002
-0.03523185104131699
-0.0376453809440136
-0.03882069885730743
-0.03866456635296345
-0.03695332631468773
-0.03406840562820435
-0.03008425980806351
-0.02535435743629932
-0.02031181007623672
-0.01525488682091236
-0.01035488955676556
-0.006058817729353905
-0.002169493585824966
0.001205245032906532
0.003806540742516518
0.005922760814428329
0.007483787834644318
0.008649431169033051
0.009394222870469093
0.009825810790061951
0.009792806580662727
0.009201655164361
0.007986193522810936
0.005851650610566139
0.002739476040005684
-0.001304177567362785
-0.006820594891905785
-0.01303114183247089
-0.02029973827302456
-0.02831307798624039
-0.03679818660020828
-0.04551379568874836
-0.05412748828530312
-0.0623941533267498
-0.07000742293894291
-0.07674166932702065
-0.08248618431389332
-0.08761830814182758
-0.09176521748304367
-0.09506574645638466
-0.09811565838754177
-0.1004548147320747
-0.1021026168018579
-0.1031709499657154
-0.1039635185152292
-0.1040854901075363
-0.103587057441473
-0.1018853131681681
-0.09905360452830791
-0.09514520317316055
-0.09046824276447296
-0.08454997837543488
-0.07790832594037056
-0.07061579637229443
-0.06332884915173054
-0.05598538182675838
-0.0493808351457119
-0.04357590526342392
-0.03915722109377384
-0.03590321913361549
-0.03420810587704182
-0.03365522064268589
-0.03442987985908985
-0.03597038239240646
-0.03821170516312122
-0.04080009274184704
-0.04328303784132004
-0.0456791128963232
-0.04776894673705101
-0.0494846049696207
-0.05068041011691093
-0.05131884850561619
-0.05172291584312916
-0.05168603733181953
-0.05121722258627415
-0.05044452100992203
-0.0490675363689661
-0.04731014743447304
-0.04478173144161701
-0.04143126308917999
-0.03729884512722492
-0.03209993056952953
-0.02577936835587025
-0.01876438409090042
-0.01073812134563923
-0.002286683768033981
0.006253158673644066
0.01476876623928547
0.02257303521037102
0.02975520491600037
0.03612037748098373
0.04140414856374264
0.04535521380603313
0.04816638864576817
0.04995221272110939
0.05077740922570229
0.05112822167575359
0.05094016343355179
0.04997428879141808
0.0487400833517313
0.04733145236968994
0.04553336277604103
0.04320473037660122
0.04024536721408367
0.03653773851692677
0.03212640434503555
0.0269253421574831
0.02123070135712624
0.01505854167044163
0.008780015632510185
0.002301596105098724
-0.003734571859240532
-0.009143272414803505
-0.01390896178781986
-0.01764735952019691
-0.02059202268719673
-0.02288519963622093
-0.02451378107070923
