-2.46148556470871e-05
-0.0001038610935211182
9.344518184661865e-05
0.000105537474155426
0.0003124680370092392
0.0007541459053754807
0.001399034634232521
0.00234605185687542
0.003696748986840248
0.005909958854317665
0.009307485073804855
0.0137327965348959
0.01993742398917675
0.02805992402136326
0.0385394636541605
0.05174228176474571
0.06806134805083275
0.08761847764253616
0.1109194774180651
0.1380918081849813
0.1692110672593117
0.2043200079351664
0.2430195398628712
0.2850699350237846
0.3301923349499702
0.3776884935796261
0.426851112395525
0.4768521022051573
0.5267283134162426
0.57549056597054
0.6218015532940626
0.6648469362407923
0.7033174522221088
0.7361179236322641
0.7621854115277529
0.7802459318190813
0.7898813895881176
0.7902329005300999
0.7806526888161898
0.7611038889735937
0.7312252260744572
0.6911805793642998
0.6412600949406624
0.5822925250977278
0.5148877203464508
0.4400427620857954
0.3590897116810083
0.2730946708470583
0.1837061457335949
0.09238133579492569
0.0009971261024475098
-0.08912148140370846
-0.1764655280858278
-0.2591637969017029
-0.336240578442812
-0.4062958564609289
-0.4677100535482168
-0.5200530085712671
-0.5620377827435732
-0.5932605937123299
-0.6132531613111496
-0.6219961680471897
-0.6191045641899109
-0.6052547842264175
-0.5804260578006506
-0.5451546981930733
-0.5003136210143566
-0.4467785116285086
-0.3857204299420118
-0.3182752784341574
-0.2452911362051964
-0.1687222588807344
-0.08935095742344856
-0.008978148922324181
0.07131128944456577
0.1501024961471558
0.2259751595556736
0.2975198179483414
0.3637596908956766
0.4236707948148251
0.4760462082922459
0.520272184163332
0.5554065424948931
0.5808415934443474
0.596367035061121
0.6015138383954763
0.5965398866683245
0.5812878087162971
0.5563005805015564
0.5218296498060226
0.4786723908036947
0.4273677989840508
0.368963735178113
0.3045784048736095
0.2356003355234861
0.1628871597349644
0.08785329386591911
0.01187910884618759
-0.06387065537273884
-0.1377938017249107
-0.2091669049113989
-0.2761973682790995
-0.3383789099752903
-0.3943163510411978
-0.4432167466729879
-0.4843690376728773
-0.5173065867275
-0.5416019558906555
-0.5567220635712147
-0.5624404232949018
-0.5589229110628366
-0.5463951267302036
-0.5250214245170355
-0.4947202522307634
-0.4565866980701685
-0.4108860604465008
-0.3586026504635811
-0.3001512736082077
-0.2368522621691227
-0.1693888157606125
-0.09930345416069031
-0.02726340480148792
0.04546071961522102
0.1177093107253313
0.1880972441285849
0.2555786799639463
0.3187967576086521
0.3769294209778309
0.4289667680859566
0.4740132037550211
0.5109359659254551
0.5394026692956686
0.5586120449006557
0.5681234356015921
0.5676862858235836
0.5575454700738192
0.5374963209033012
0.507782956585288
0.4688371866941452
0.4213681668043137
0.365990636870265
0.3036738317459822
0.235693171620369
0.1627370156347752
0.0864185094833374
0.007987100630998611
-0.07136337086558342
-0.150324858725071
-0.2271694391965866
-0.3010978829115629
-0.3704918324947357
-0.4343033097684383
-0.4913463741540909
-0.5407710857689381
-0.5819230917841196
-0.6138383056968451
-0.6362568903714418
-0.648481072857976
-0.6504816580563784
-0.6421956438571215
-0.6239035204052925
-0.5956133957952261
-0.557973712682724
-0.5118712540715933
-0.4577890913933516
-0.3963750898838043
-0.3290309850126505
-0.2569002062082291
-0.1814166940748692
-0.1035800371319056
-0.02466214820742607
0.05389703251421452
0.1306066084653139
0.2039399761706591
0.272797767072916
0.3359825499355793
0.3924271445721388
0.4407760221511126
0.4804340712726116
0.5103403627872467
0.5302974116057158
0.5393271613866091
0.5378476362675428
0.5255123190581799
0.502641012892127
0.4695513918995857
0.4269486106932163
0.3755548819899559
0.3165450934320688
0.2510002385824919
0.1800695210695267
0.1051782686263323
0.02785697765648365
-0.05055514350533485
-0.1285319644957781
-0.2046636790037155
-0.277428125962615
-0.3456158898770809
-0.4077828750014305
-0.4630712550133467
-0.5103440228849649
-0.548755619674921
-0.5778419692069292
-0.5970114748924971
-0.6058428138494492
-0.6043776776641607
-0.5925073530524969
-0.5703288726508617
-0.5385756622999907
-0.4975991901010275
-0.4481438100337982
-0.3911876361817122
-0.3275846317410469
-0.2581581771373749
-0.184462521225214
-0.1075887158513069
-0.02905063144862652
0.04995069466531277
0.1279913354665041
0.2040689252316952
0.2766813226044178
0.3443711623549461
0.4061978757381439
0.4612096827477217
0.5085630845278502
0.5471738055348396
0.5766507051885128
0.5962445363402367
0.6059851683676243
0.6055172234773636
0.5949671156704426
0.5747648254036903
0.544940521940589
0.5062698535621166
0.459172185510397
0.4046120196580887
0.3434260208159685
0.2767489962279797
0.2052709888666868
0.1300557106733322
0.05282293260097504
