-2.4862e-05
-9.488e-05
0.00011624
0.00013046
0.00028576
0.0006504
0.0010923
0.001712
0.0024953
0.0038619
0.0060737
0.0087517
0.01262
0.017769
0.024381
0.032866
0.043435
0.056298
0.071854
0.090315
0.11191
0.13679
0.16478
0.19602
0.23056
0.26812
0.30856
0.3516
0.39678
0.44378
0.49195
0.54101
0.59023
0.63902
0.68688
0.73282
0.77666
0.81777
0.85541
0.88944
0.91913
0.94428
0.96461
0.98001
0.99045
0.99578
0.99616
0.99169
0.98259
0.96917
0.95181
0.93065
0.90631
0.87859
0.84822
0.81533
0.7803
0.74323
0.70447
0.66431
0.62291
0.57983
0.53583
0.49061
0.44431
0.39719
0.34915
0.3001
0.25031
0.19956
0.14835
0.096391
0.043828
-0.00908
-0.062002
-0.115
-0.16781
-0.22035
-0.27227
-0.3233
-0.37344
-0.42207
-0.46933
-0.51499
-0.55857
-0.60038
-0.6396
-0.67628
-0.71036
-0.74128
-0.76934
-0.79412
-0.81546
-0.8332
-0.84693
-0.85696
-0.86297
-0.86486
-0.86277
-0.85648
-0.84629
-0.83216
-0.81423
-0.79273
-0.76789
-0.73976
-0.70865
-0.67502
-0.63893
-0.60055
-0.56002
-0.51801
-0.47447
-0.42926
-0.3828
-0.33495
-0.28607
-0.23602
-0.18512
-0.1333
-0.080657
-0.027255
0.026834
0.081503
0.13652
0.19156
0.24639
0.30099
0.35507
0.40841
0.46039
0.511
0.55971
0.60607
0.65003
0.69096
0.72883
0.76304
0.79346
0.81992
0.84198
0.8596
0.8728
0.88131
0.88541
0.88469
0.87946
0.86968
0.85544
0.83679
0.81393
0.78728
0.75667
0.72249
0.68468
0.64381
0.59993
0.5533
0.50444
0.45364
0.40096
0.34671
0.29135
0.23511
0.17829
0.12145
0.064651
0.0081748
-0.048083
-0.10357
-0.15809
-0.21118
-0.26321
-0.3139
-0.36324
-0.41101
-0.45714
-0.50155
-0.54432
-0.5854
-0.62479
-0.66244
-0.6982
-0.73217
-0.76403
-0.79372
-0.82094
-0.8459
-0.86787
-0.88679
-0.90246
-0.91457
-0.92287
-0.92729
-0.9274
-0.92322
-0.9146
-0.9014
-0.88363
-0.86159
-0.83495
-0.80402
-0.76919
-0.73044
-0.68813
-0.64237
-0.59359
-0.54206
-0.48802
-0.43199
-0.37424
-0.31522
-0.25504
-0.19428
-0.13291
-0.071472
-0.010435
0.049932
0.10936
0.16784
0.22507
0.28037
0.33379
0.38526
0.43466
0.4816
0.52605
0.56786
0.60708
0.64349
0.67728
0.70822
0.7364
0.76158
0.78383
0.80314
0.81944
0.83258
0.8424
0.84874
0.85172
